30
6
5 2 4 6 3 1
6
2 4 8 16 32 64
3
1 1 1
3
200000 200000 200000
200
77293 27061 94144 99957 40962 86354 111821 170698 141320 41864 17960 6551 145735 189641 129375 110295 76460 47226 99924 124284 99512 55523 191398 73793 33806 44020 40689 164254 110247 98441 138031 152374 194678 81723 104657 112294 89595 142370 112986 92709 159515 54415 137030 49399 104972 94536 114406 120739 167558 54585 23356 192779 138003 145920 44700 86751 10632 132959 81744 38446 89398 44235 174177 3786 160405 122856 128458 38394 42573 72873 49680 141483 90056 85612 106148 54606 186811 130136 147219 161470 166219 31496 86540 170901 13666 177448 1647 5451 146145 96176 135390 145950 98784 157888 157618 167087 40229 128736 17866 153348 9545 159142 24861 143420 183783 118431 188917 14018 151372 103563 16734 75460 42185 181145 41135 125091 193925 55137 1165 41526 77264 9954 145411 105836 133731 114044 187026 25014 117964 10025 185851 140154 88614 71092 83543 6210 68935 186502 47894 36528 160782 139000 193993 59488 70255 118439 191924 76290 135183 195931 132549 60684 121126 187491 67886 184978 141814 68636 30490 75205 195531 38057 148961 800 194338 37747 88252 129055 8801 6899 12334 116965 171317 91273 139916 108148 144658 138867 76350 151087 81683 178745 70384 158616 49325 26523 183920 10428 164672 167634 143568 26024 20622 85002 86997 93794 167732 74300 146680 16744
200
85400 114070 42395 91805 75640 77165 45445 64660 92680 123794 46009 99631 82088 83743 49319 70172 42840 57222 21267 46053 37944 38709 22797 32436 89600 119680 44480 96320 79360 80960 47680 67840 6160 8228 3058 6622 5456 5566 3278 4664 67200 89760 33360 72240 59520 60720 35760 50880 25480 34034 12649 27391 22568 23023 13559 19292 124600 166430 61855 133945 110360 112585 66305 94340 305 331 153 320 22 240 91 445 280 374 139 301 248 253 149 212 159621 30608 63209 176224 145913 174089 194931 191146 49643 198655 129338 723 70449 198131 154432 120822 28261 182744 38689 104158 159053 133806 61446 146887 191072 159064 149323 152630 75508 82748 67845 196086 190324 47913 187299 24356 130867 121178 56730 176385 25729 136574 43052 180425 42470 38832 153379 158582 55122 159641 103997 144901 88414 87224 75709 67531 30146 97236 8755 197339 2894 146061 29214 149488 101545 88544 112158 109404 72542 194128 193206 131565 50343 145652 181065 189402 84707 60167 157637 119893 140300 143823 125804 96302 187911 5626 6784 136530 30502 50168 173214 64507 80380 166130 4798 170739 52069 114896 106300 85943 168481 187442 63572 83528 175718 158425 8219 73859 178037 132305 67423 42112 2459 64794 42052 107367 187048 67234 191579 26159
200
1 0 0 0 1 1 0 0 0 1 1 0 0 1 0 1 1 1 0 1 0 0 1 1 1 1 1 1 0 0 1 1 0 0 0 1 1 1 1 0 1 0 1 1 0 0 0 0 0 1 0 0 1 1 1 1 1 1 1 1 1 0 0 0 1 0 1 0 0 0 1 1 1 0 0 0 1 0 1 1 0 1 1 1 0 1 1 0 1 0 0 1 1 1 0 1 1 1 1 0 0 0 0 1 1 1 1 0 0 1 0 1 0 0 0 0 1 0 1 1 1 0 0 0 1 1 1 0 1 1 1 0 1 0 0 1 0 1 0 1 1 0 0 1 1 1 1 1 1 1 0 1 1 0 1 0 1 1 1 1 0 0 0 0 0 1 0 0 1 0 1 0 0 1 1 0 1 0 0 0 0 0 0 0 0 0 0 1 0 0 1 1 1 0 1 1 0 0 0 1
200
99290 146667 158210 172666 22635 76034 127788 163765 161893 125207 177478 58880 50356 182498 66439 84026 121549 176194 48962 31122 171750 66186 55755 32195 173054 182345 143176 180297 130373 47967 31300 6559 179998 48647 150006 196043 194668 12707 183890 147569 123369 91158 56449 161473 48558 16829 157303 97198 82664 30403 176713 425 108726 9836 70365 117020 37725 38365 7313 125122 127496 44718 14841 125966 2689 145948 82328 43079 155328 174654 47846 155269 171813 6328 144264 137920 160491 45715 25596 48677 56295 147267 62571 86802 106669 133137 105185 30751 132351 100301 173879 55718 53803 103355 122636 23275 164474 821 179711 38972 101032 151459 38524 77500 119747 67006 169379 117633 108574 115113 44335 65711 198287 161842 88063 63797 28279 44066 186213 183690 18907 43249 187691 138028 96276 193161 170612 114419 137807 45762 35890 179635 92195 130421 49013 33384 78190 109510 101810 128314 46879 38434 184501 191106 194744 133183 443 16948 168380 50460 114378 146530 194061 6630 147515 104336 135023 127094 148344 86429 150386 165599 177131 149087 83485 85997 86658 141927 49300 81020 149538 161750 100262 118133 76600 19840 177653 128520 71921 103304 182039 184684 122018 101630 36841 178477 86062 185204 70828 88184 92287 24961 100094 23729 44184 196581 103910 157207 22651 69589
200
1 0 1 0 0 1 1 1 0 0 1 0 0 0 1 0 1 1 0 0 0 0 1 0 0 0 0 1 0 1 1 0 0 0 0 1 1 1 1 1 1 1 1 0 1 0 1 1 0 1 0 1 1 1 1 1 0 1 1 0 0 1 0 1 1 0 0 0 0 0 0 1 1 0 1 0 1 1 1 0 0 0 1 0 1 0 0 1 1 1 0 1 1 0 0 1 0 1 0 0 0 0 0 0 0 1 0 1 1 0 1 0 1 1 0 0 0 0 1 1 1 1 1 1 0 0 1 1 1 0 0 0 0 0 0 1 0 0 1 1 0 1 0 1 1 0 0 1 1 0 0 0 1 0 1 1 0 0 0 0 1 0 0 1 1 1 1 1 1 1 1 1 1 1 1 1 1 0 1 1 1 1 1 0 1 1 0 0 1 0 1 1 1 1 0 1 0 1 1 1
200
1 1 1 1 1 1 1 1 1 1 1 1 1 1 1 1 1 1 1 1 1 1 1 1 1 1 1 1 1 1 1 1 1 1 1 1 1 1 1 1 1 1 1 1 1 1 1 1 1 1 1 1 1 1 1 1 1 1 1 1 1 1 1 1 1 1 1 1 1 1 1 1 1 1 1 1 1 1 1 1 1 1 1 1 1 1 1 1 1 1 1 1 1 1 1 1 1 1 1 1 1 1 1 1 1 1 1 1 1 1 1 1 1 1 1 1 1 1 1 1 1 1 1 1 1 1 1 1 1 1 1 1 1 1 1 1 1 1 1 1 1 1 1 1 1 1 1 1 1 1 1 1 1 1 1 1 1 1 1 1 1 1 1 1 1 1 1 1 1 1 1 1 1 1 1 1 1 1 1 1 1 1 1 1 1 1 1 1 1 1 1 1 1 1 1 1 1 1 1 1
200
38368 29321 31828 2834 45889 39131 30084 38720 29590 32120 2860 46310 39490 30360 92928 71016 77088 6864 111144 94776 72864 84480 64560 70080 6240 101040 86160 66240 89056 68057 73876 6578 106513 90827 69828 119680 91460 99280 8840 143140 122060 93840 48928 37391 40588 3614 58519 49901 38364 109 110 264 240 253 340 139 352 269 292 26 421 359 276 41607 8046 140308 88502 156307 139132 9162 190067 194553 34100 126183 126467 149600 177814 71147 44493 34635 63659 24748 193906 10602 40937 82164 117661 160113 169681 127244 104982 162460 134093 73042 129799 168491 131669 143486 141249 65271 197628 28664 81233 97181 73846 56755 33915 153714 84343 8057 191854 73000 95612 174594 113258 63044 167908 63364 20842 45521 190247 140676 186873 57904 92116 183971 111087 189670 57684 957 13738 46770 9852 37788 61184 139550 78290 181088 6002 94540 134047 72517 59275 53385 65075 36577 117713 114921 152989 72464 47389 151792 144242 160662 102515 197815 16658 59153 172876 166617 164491 51888 66672 97216 4291 95146 117267 196355 28996 155463 198809 178982 84347 148334 110451 89069 181359 167275 164178 197644 47201 87994 94940 79192 125984 193861 28367 65438 159611 83675 104830 182165 84076 39043 57369 26474 11798 40163 157536 114345
200
92804 102980 162984 149683 105537 185108 90137 18052 66283 189633 121185 98414 15004 169297 142092 27121 188348 60233 21170 67046 163632 14182 159817 48339 6830 39554 2744 63308 143918 112308 151380 165619 47465 85600 193336 56256 125582 33281 34287 23925 199719 95287 147672 68178 13937 83387 92594 76916 107391 42230 181951 141351 74002 85187 158228 151852 131057 76563 155124 103220 151739 190710 95545 113510 10697 112156 91578 114711 186264 96020 34565 170220 80268 105203 34557 165186 36241 160394 46395 36168 13509 188554 37159 33164 70687 143523 85949 112533 104806 171642 164952 146568 138643 136235 30570 60587 18580 58235 48150 70010 141345 173324 118656 44208 125964 99860 73153 12805 169252 17249 124171 164640 23991 167099 54465 53063 172837 180652 91254 157664 89325 92640 150214 25780 127744 51161 77398 187842 190966 67332 2354 146969 11068 36085 28736 199782 99718 51812 97662 101544 191840 61354 80350 1129 138094 121336 118261 159970 17959 130424 140624 841 111687 26749 60353 94484 163130 101788 44118 189554 26361 11288 162039 122958 27495 98974 42994 96396 101018 64320 115682 25051 151454 45638 190098 147593 108165 67977 119051 60316 58855 103297 67078 18586 151436 57353 160055 91662 51640 26425 133965 55966 77280 133356 62527 163437 35473 67747 144311 119050
200
135696 103694 135481 153354 144760 79038 94829 29787 139325 81125 157765 19930 177826 173117 158921 56532 162487 107585 132013 42991 168096 124600 41025 186937 52327 99288 35366 71870 130574 65836 13541 1780 9044 18888 26934 168057 135072 143094 71837 59831 39216 119572 49089 70576 107867 187507 176738 97759 78283 177760 72841 171699 55559 56205 152404 160325 128604 12240 88820 54426 76840 139653 136934 62392 94113 109206 21493 124665 26076 54551 76586 25522 175592 104212 195283 8692 748 40351 193456 32625 170816 111883 14306 37340 115742 183757 109444 63002 102629 152598 199837 147412 189838 160928 27032 166735 31122 99085 6308 186745 145382 155107 69310 35988 20334 34805 113557 134747 118191 62380 29842 34204 836 113015 57773 35890 37089 113124 57633 193166 174831 180864 195188 74059 105139 51037 121338 81706 135312 167588 188699 179236 41082 132065 50174 52413 180333 40926 33112 26476 142475 89588 142811 185982 117484 24676 159340 31279 156500 164159 62711 54269 3634 12651 35568 37301 93213 43110 103185 152146 128316 66202 14456 166479 21880 71298 143171 114620 186302 143067 134354 167428 83313 177592 132618 50625 30398 142559 6675 57547 75977 170530 26157 83931 112270 36156 157115 128805 101372 84839 28471 180976 59753 103181 59638 190077 181727 63733 44793 150989
200
0 0 0 0 0 0 0 0 0 0 0 0 0 0 0 0 0 0 0 0 0 0 0 0 0 0 0 0 0 0 0 0 0 0 0 0 0 0 0 0 0 0 0 0 0 0 0 0 0 0 0 0 0 0 0 0 0 0 0 0 0 0 0 0 0 0 0 0 0 0 0 0 0 0 0 0 0 0 0 0 0 0 0 0 0 0 0 0 0 0 0 0 0 0 0 0 0 0 0 0 0 0 0 0 0 0 0 0 0 0 0 0 0 0 0 0 0 0 0 0 0 0 0 0 0 0 0 0 0 0 0 0 0 0 0 0 0 0 0 0 0 0 0 0 0 0 0 0 0 0 0 0 0 0 0 0 0 0 0 0 0 0 0 0 0 0 0 0 0 0 0 0 0 0 0 0 0 0 0 0 0 0 0 0 0 0 0 0 0 0 0 0 0 0 0 0 0 0 0 0
200
126852 154348 180530 72958 68790 41210 10529 117897 30700 156169 18646 167364 164701 167756 40903 131766 13248 48047 126181 127619 20162 36273 20189 185670 195503 134871 15343 182112 67225 7791 71938 105862 47254 34239 8005 123703 44227 1963 184595 14382 32998 85381 147117 79713 110005 141592 87627 106407 190605 33560 184338 22023 198833 199344 47462 197708 158829 51008 150975 28988 22003 36416 37724 58350 51513 158655 103375 37575 124013 68570 19530 165004 179571 49011 93111 114295 87652 43894 85753 149282 145083 15993 26235 172351 167505 146798 11845 137013 133974 181796 108993 75644 105345 50646 90408 185686 101331 44693 187043 189094 32230 185382 94447 64712 39736 104920 190491 171053 144267 69580 164427 114285 182545 180322 41198 86548 17662 78504 150352 46478 47499 25 106269 32970 117517 49477 57302 138003 80752 45615 179846 39979 13914 18249 131075 38268 102378 47906 106598 66457 2774 725 119292 65699 52723 115041 111579 79173 4426 102250 61291 115825 99548 155518 8647 101675 72473 104694 137421 93916 85928 177398 135439 7179 66602 187553 156134 73158 16932 7533 32990 11879 20340 7527 7951 151403 62733 59775 162644 188975 156243 101965 145973 134725 114417 13031 51480 46206 16759 80886 9868 84037 85404 51275 64958 72679 153426 101281 171698 182710
200
200000 200000 200000 200000 200000 200000 200000 200000 200000 200000 200000 200000 200000 200000 200000 200000 200000 200000 200000 200000 200000 200000 200000 200000 200000 200000 200000 200000 200000 200000 200000 200000 200000 200000 200000 200000 200000 200000 200000 200000 200000 200000 200000 200000 200000 200000 200000 200000 200000 200000 200000 200000 200000 200000 200000 200000 200000 200000 200000 200000 200000 200000 200000 200000 200000 200000 200000 200000 200000 200000 200000 200000 200000 200000 200000 200000 200000 200000 200000 200000 200000 200000 200000 200000 200000 200000 200000 200000 200000 200000 200000 200000 200000 200000 200000 200000 200000 200000 200000 200000 200000 200000 200000 200000 200000 200000 200000 200000 200000 200000 200000 200000 200000 200000 200000 200000 200000 200000 200000 200000 200000 200000 200000 200000 200000 200000 200000 200000 200000 200000 200000 200000 200000 200000 200000 200000 200000 200000 200000 200000 200000 200000 200000 200000 200000 200000 200000 200000 200000 200000 200000 200000 200000 200000 200000 200000 200000 200000 200000 200000 200000 200000 200000 200000 200000 200000 200000 200000 200000 200000 200000 200000 200000 200000 200000 200000 200000 200000 200000 200000 200000 200000 200000 200000 200000 200000 200000 200000 200000 200000 200000 200000 200000 200000 200000 200000 200000 200000 200000 200000
200
696 112056 114144 53244 56724 138504 12180 5220 112752 82476 38628 34104 59508 500 80500 82000 38250 40750 99500 8750 3750 81000 59250 27750 24500 42750 92 14812 15088 7038 7498 18308 1610 690 14904 10902 5106 4508 7866 180 28980 29520 13770 14670 35820 3150 1350 29160 21330 9990 8820 15390 182 29302 29848 13923 14833 36218 3185 1365 29484 21567 10101 8918 15561 14 2254 2296 1071 1141 2786 245 105 2268 1659 777 686 1197 338 54418 55432 25857 27547 67262 5915 2535 54756 40053 18759 16562 28899 824 132664 135136 63036 67156 163976 14420 6180 133488 97644 45732 40376 70452 768 123648 125952 58752 62592 152832 13440 5760 124416 91008 42624 37632 65664 200 32200 32800 15300 16300 39800 3500 1500 32400 23700 11100 9800 17100 790 127190 129560 60435 64385 157210 13825 5925 127980 93615 43845 38710 67545 848 136528 139072 64872 69112 168752 14840 6360 137376 100488 47064 41552 72504 124 19964 20336 9486 10106 24676 2170 930 20088 14694 6882 6076 10602 348 250 46 90 91 7 169 412 384 100 395 424 62 2 322 328 153 163 398 35 15 324 237 111 98 171 37029 52124 51678 185147 138780
200
60432 148823 2131 12032 30216 159549 87979 139842 20263 138692 124450 591 166699 136986 100495 187417 132480 87165 65321 128592 65438 185536 150552 32646 176271 144898 191171 28343 137741 83218 167716 30516 130211 13100 31449 76095 28886 83432 196454 9614 33789 199169 7601 123152 122660 185628 122844 152163 154254 152030 141087 42023 48489 8453 82082 106218 199156 161949 91471 107844 19464 17380 30673 14449 78609 12276 135862 1782 112062 70197 157529 95667 51541 1974 175126 87280 122388 21588 76933 133368 179871 110363 130739 75767 79514 1086 146043 96420 196234 17816 137210 46950 170229 154440 131927 93173 14548 106082 103952 162774 114645 11424 136986 59461 79505 32411 158371 75360 92111 48627 55347 71898 27474 193869 15870 98242 92613 97382 180193 33399 82967 108266 117933 172559 179992 153751 108382 46174 6922 15107 3803 77636 8815 189859 199122 29018 141761 77601 86951 129235 61509 15776 150074 122131 135411 84691 158724 178929 148280 16694 175611 104957 128404 169547 122906 123148 123619 97696 95211 88147 151091 168100 7392 29809 148811 83804 186288 72062 2761 31920 154256 137287 60445 6185 80924 24894 127585 104724 60082 78108 48265 118715 102424 99040 110973 158546 197284 77439 11592 84936 89157 33034 43577 29010 156766 153821 31965 121960 31626 159455
200
0 0 0 0 0 0 0 0 0 0 0 0 0 0 0 0 0 0 0 0 0 0 0 0 0 0 0 0 0 0 0 0 0 0 0 0 0 0 0 0 0 0 0 0 0 0 0 0 0 0 0 0 0 0 0 0 0 0 0 0 0 0 0 0 0 0 0 0 0 0 0 0 0 0 0 0 0 0 0 0 0 0 0 0 0 0 0 0 0 0 0 0 0 0 0 0 0 0 0 0 190042 18148 181145 51725 120267 155827 158894 12537 117843 187359 77811 131144 12925 46254 7536 156045 54330 54732 29263 11782 19447 45134 130324 146761 107835 81561 165892 74981 95845 113748 158177 26142 1012 157799 47705 4349 130391 62703 63882 152085 20318 118533 40742 80344 153134 31448 132060 97476 93802 167825 198558 112288 67282 11057 156872 110843 81324 78035 40671 177036 55108 1030 198526 68008 28036 178717 101048 93813 99592 53996 156470 86170 14611 21418 55350 81361 125765 177948 163873 113967 32612 15567 165734 83118 90773 167573 5549 141442 142959 66141 87647 60679 156563 6777 184483 87616 18590 163953 95967 96630
200
31150 8633 12549 37914 19313 28035 12727 1157 4272 1068 139300 38606 56118 169548 86366 125370 56914 5174 19104 4776 138950 38509 55977 169122 86149 125055 56771 5161 19056 4764 48650 13483 19599 59214 30163 43785 19877 1807 6672 1668 4200 1164 1692 5112 2604 3780 1716 156 576 144 70700 19594 28482 86052 43834 63630 28886 2626 9696 2424 23800 6596 9588 28968 14756 21420 9724 884 3264 816 130200 36084 52452 158472 80724 117180 53196 4836 17856 4464 25550 7081 10293 31098 15841 22995 10439 949 3504 876 109200 30264 43992 132912 67704 98280 44616 4056 14976 3744 89 398 397 139 12 202 68 372 73 312 350 97 141 426 217 315 143 13 48 12 53475 73842 62838 54693 26686 173321 65820 10617 4817 74029 78822 123858 61353 5812 150620 47885 135282 182613 186688 176838 63807 6187 14877 49115 112915 163651 129300 150703 150941 86146 99651 37613 140651 91635 27941 64116 71973 20050 176187 34100 179560 143173 19010 17524 156798 135401 18665 197897 42871 182441 8437 101354 33755 56009 121520 33553 11371 143734 56938 60403 73477 95419 130231 59639 65047 37145 88208 197993 146882 66054 135191 38355 119630 44454 149912 31080 133259 178113 129403 81651
200
119250 55650 5406 40386 131016 27030 8904 84270 2862 60420 6678 13125 6125 595 4445 14420 2975 980 9275 315 6650 735 46500 21700 2108 15748 51088 10540 3472 32860 1116 23560 2604 49125 22925 2227 16637 53972 11135 3668 34715 1179 24890 2751 123750 57750 5610 41910 135960 28050 9240 87450 2970 62700 6930 140625 65625 6375 47625 154500 31875 10500 99375 3375 71250 7875 47250 22050 2142 16002 51912 10710 3528 33390 1134 23940 2646 85125 39725 3859 28829 93524 19295 6356 60155 2043 43130 4767 119625 55825 5423 40513 131428 27115 8932 84535 2871 60610 6699 108750 50750 4930 36830 119480 24650 8120 76850 2610 55100 6090 40500 18900 1836 13716 44496 9180 3024 28620 972 20520 2268 318 35 124 131 330 375 126 227 319 290 108 375 175 17 127 412 85 28 265 9 190 21 79420 97165 197869 199642 88224 131161 135360 44498 92409 145345 116424 158848 81979 106890 116786 127320 6948 68960 163187 81963 129387 90385 147699 25594 189343 25802 126464 58667 167222 146710 58409 85309 121018 156348 165565 168734 38867 191944 178799 196944 102634 180526 53513 76391 86156 192098 8856 43146 114537 167334 17219 192659 20187 146289 50554 28787 40999
200
5824 10660 260 2184 572 3848 14144 49952 91430 2230 18732 4906 33004 121312 15008 27470 670 5628 1474 9916 36448 25200 46125 1125 9450 2475 16650 61200 43344 79335 1935 16254 4257 28638 105264 112 205 5 42 11 74 272 44688 81795 1995 16758 4389 29526 108528 52 446 134 225 387 1 399 112 205 5 42 11 74 272 166464 19130 8502 184989 87579 136853 139573 104262 93468 3191 50632 75352 190701 116376 128811 4498 30146 127135 139624 63647 73005 140231 70103 86534 44345 108499 62745 77358 38027 3095 92196 150144 118891 104537 119582 149206 165454 132786 142632 183711 171265 86226 199540 18496 143767 183041 153391 13133 20838 60836 117361 13892 157550 182675 24810 76822 179616 158883 93454 73429 85573 114094 112222 38187 112357 32253 81253 11828 9582 14982 12922 35802 87701 90613 185539 170928 173906 122029 168209 176189 178300 167712 175577 103815 111518 165229 88545 12003 188635 71640 52591 12798 91613 71662 94858 135182 6787 177731 13503 140156 64148 74849 18876 190731 187878 78373 96801 25492 161537 169899 96119 147636 103755 146026 143628 117334 104701 111827 85498 36727 143793 70507 150692 27647 21118 26088 172141 17962 81809 36914 149218 94060 197789 195862 164657 151447 11947
3
65537 65537 131073
200
193712 186326 77975 64783 196191 175731 110247 168968 96873 58588 146699 55079 55030 87148 18484 80116 49584 138336 52282 190503 28938 118179 60887 140035 87895 141771 73631 141409 77327 160190 25728 115365 121248 65603 43263 44678 37147 198139 97513 180447 58100 17248 88837 199978 138633 35033 72565 77172 57533 164187 4587 89213 168603 65482 94387 126918 123075 55289 49381 86691 48149 93447 79709 31804 115967 111067 23853 54116 88143 111169 82236 114106 173867 34832 61388 148593 137634 37613 142203 120728 18644 12382 125862 105037 149650 123675 6611 141151 181583 192815 148843 131481 32736 187050 11728 114683 75413 115303 84426 185055 75924 166665 158381 110475 99929 10934 42161 96935 156427 59682 57511 141042 122300 49930 162067 185578 56969 199998 114732 193145 39107 13427 46001 71203 172915 152875 190537 50282 104359 86101 108124 57809 144745 190865 191595 85163 54754 9023 106470 70947 25594 109049 61671 169786 49223 163478 71300 101829 136583 90112 117228 146981 93716 14677 150113 20074 6012 77939 39114 84743 101907 8021 93236 4231 29351 64862 128350 89910 43583 50706 12190 165405 72194 92650 115485 156768 61921 58135 187314 114564 71240 169408 52513 127851 107181 106837 166251 51860 89512 15134 166169 15250 166313 25308 142823 100368 123271 189821 96605 4439
200
3216 2784 1044 4356 120 4116 1500 3984 2484 5304 3264 2868 15544 13456 5046 21054 580 19894 7250 19256 12006 25636 15776 13862 42612 36888 13833 57717 1590 54537 19875 52788 32913 70278 43248 38001 62176 53824 20184 84216 2320 79576 29000 77024 48024 102544 63104 55448 1876 1624 609 2541 70 2401 875 2324 1449 3094 1904 1673 86028 74472 27927 116523 3210 110103 40125 106572 66447 141882 87312 76719 1876 1624 609 2541 70 2401 875 2324 1449 3094 1904 1673 37788 32712 12267 51183 1410 48363 17625 46812 29187 62322 38352 33699 32428 28072 10527 43923 1210 41503 15125 40172 25047 53482 32912 28919 22780 19720 7395 30855 850 29155 10625 28220 17595 37570 23120 20315 75308 65192 24447 102003 2810 96383 35125 93292 58167 124202 76432 67159 95140 82360 30885 128865 3550 121765 44375 117860 73485 156910 96560 84845 12 58 159 232 7 321 7 141 121 85 281 355 268 232 87 363 10 343 125 332 207 442 272 239 95586 180345 196897 121378 187760 110244 138685 81350 194397 80719 168364 13159 188062 41451 134054 1982 110404 129420 159204 61122 194336 143285 23406 54815 176273 81590 122122 180927 162602 147128 50560 159010
200
129635 166730 164830 139214 142262 79253 77574 12956 117119 169422 177749 68528 81954 125820 144852 174037 8088 24024 134718 196994 142332 2538 122569 113018 189322 106191 90188 12661 122865 184349 67319 197407 172162 165104 86514 1747 126603 169728 158875 192945 176285 164654 160655 183002 187759 45123 179836 73892 29525 196674 165703 37870 140179 85542 10454 140265 190746 26028 165083 175404 89905 65580 14168 67591 199272 168464 20754 172370 34056 92945 133067 74311 57561 57236 117075 153085 165758 51043 190227 32166 146021 78052 191999 60260 78160 32491 146701 163361 59191 84245 147125 69225 182346 189250 63240 167882 188747 182879 98077 187618 166716 63302 34566 118093 124474 192999 29660 119859 75818 94181 133448 102927 36285 105970 148553 54005 57997 17145 5173 124897 126168 184628 21844 139222 50924 138787 76265 136652 157039 90506 44971 86496 104792 141755 53870 177270 99848 78773 148103 17041 185640 94289 120131 193455 113927 61994 73745 92137 162518 142336 89402 108949 175099 58694 28959 144911 129738 45357 28664 93214 103826 175005 56421 160644 171814 195731 198970 49193 17239 190267 137115 76502 54532 118959 48050 111510 116251 47320 178900 153872 1719 105556 119891 177947 120469 144667 54921 9290 2957 190231 193147 20375 173837 108532 93008 122833 77347 173010 71949 181733
200
177261 10932 4192 35463 124773 44213 12233 162564 163589 184353 15520 130186 24865 187752 143165 31933 94193 132172 94328 18153 182458 147886 110687 82730 181195 119884 164640 140798 134269 189236 161516 104032 154969 9712 70489 94100 142210 15520 82631 75256 141136 24438 135043 106764 177128 131727 67879 155805 144716 168726 57321 5895 176296 199825 104754 135160 120114 126121 182409 74847 79944 150011 80348 99506 162628 137690 145357 161375 199472 40901 50960 160786 94594 146795 55952 55880 104867 121512 85206 104137 186911 43063 13032 162056 20751 54157 159582 83912 53178 149119 29509 17087 59195 97700 167522 19442 187508 55837 123916 158161 17290 132814 187380 20587 58905 138364 36224 77808 168920 96492 175080 56997 917 100155 2348 55932 98734 992 54752 192625 119103 41539 175234 86021 175238 82258 3967 142943 8386 160169 189533 83276 167686 64428 8771 58946 64858 5424 113307 91928 167919 81918 51588 32235 199329 149658 157701 188114 196880 28073 180225 95762 2757 64263 123949 171892 69762 24964 135455 135183 93218 182504 17765 177920 27031 155317 99587 167856 29698 39018 106909 73183 103982 163977 90419 85311 36914 94899 111508 62163 45341 30796 24159 86007 47916 167895 61872 148087 194686 113867 123246 196456 167711 759 109952 23621 5864 79245 72985 184141
200
0 0 0 0 0 0 0 0 0 0 0 0 0 0 0 0 0 0 0 0 0 0 0 0 0 0 0 0 0 0 0 0 0 0 0 0 0 0 0 0 0 0 0 0 0 0 0 0 0 0 0 0 0 0 0 0 0 0 0 0 0 0 0 0 0 0 0 0 0 0 0 0 0 0 0 0 0 0 0 0 0 0 0 0 0 0 0 0 0 0 0 0 0 0 0 0 0 0 0 0 93784 32226 190527 196158 65993 45058 187498 81122 98096 163165 79499 112218 133916 39687 167339 24945 95171 184555 103098 176076 94903 134403 114813 125427 24400 86356 155886 103149 157624 161975 134326 46167 194252 125742 45066 92860 47928 6652 47696 108000 39047 70379 182681 189845 20752 89971 144237 9633 166420 121666 168297 67595 188903 25883 45997 3449 150899 50185 124463 150850 36091 164909 196102 84138 142204 175157 190601 139656 126763 43204 46464 6554 78119 68424 12873 86327 94180 140067 58592 145480 165941 154750 3310 97865 120667 113737 191942 40103 195871 135753 78768 85453 12108 62590 14896 32705 156006 170483 129017 24952
200
34452 36432 10032 44484 25476 19140 50820 68121 72036 19836 87957 50373 37845 100485 56376 59616 16416 72792 41688 31320 83160 9396 9936 2736 12132 6948 5220 13860 16443 17388 4788 21231 12159 9135 24255 19053 20148 5548 24601 14089 10585 28105 34452 36432 10032 44484 25476 19140 50820 132 261 216 36 63 73 132 261 276 76 337 193 145 385 150506 91302 110558 115935 172546 62043 53886 170669 101452 46537 30147 199794 67700 195402 130919 97534 8884 84551 24502 164809 182461 65826 87460 117002 121277 95322 199197 93445 7818 168542 104927 163408 134061 96664 76749 57136 73194 2855 179358 91900 140559 186433 84804 94356 2954 24684 64721 41452 180238 114712 8691 82735 180966 174135 55856 41143 126942 192254 146925 14359 37865 173617 79852 183994 165128 158051 33853 95664 41964 128233 111951 7882 29093 38810 102354 153324 114204 193939 139757 153273 67133 111136 84545 61330 33010 15368 17660 122319 76200 87864 132505 56489 131599 26682 135720 186300 18009 165971 125904 138712 27181 172898 122911 153982 17604 94150 102706 45310 46499 180519 135188 121089 4576 44628 130928 176141 107033 92628 123145 153340 60656 101033 96712 187681 168939 86864 199242 35994 62690 79304 46860 26154 137461 156701 176453 130865 95095
200
65537 131073 65537 131073 131073 131073 131073 65537 65537 131073 131073 131073 131073 131073 131073 65537 65537 131073 65537 65537 65537 65537 65537 131073 65537 65537 131073 131073 131073 65537 65537 131073 65537 65537 131073 131073 65537 65537 65537 65537 131073 65537 65537 131073 65537 65537 65537 65537 65537 65537 65537 131073 65537 65537 65537 65537 131073 131073 65537 131073 65537 131073 65537 65537 65537 131073 131073 131073 65537 65537 131073 65537 65537 131073 65537 131073 131073 131073 65537 131073 131073 131073 131073 65537 131073 131073 131073 131073 65537 65537 131073 131073 131073 131073 65537 131073 65537 65537 131073 131073 131073 131073 131073 131073 65537 65537 65537 131073 65537 65537 131073 65537 65537 65537 131073 65537 131073 131073 65537 131073 65537 131073 131073 65537 65537 131073 131073 131073 131073 65537 65537 131073 131073 65537 131073 131073 65537 65537 131073 65537 131073 65537 131073 131073 65537 131073 65537 65537 65537 131073 65537 131073 131073 65537 131073 131073 65537 131073 131073 65537 65537 65537 65537 65537 131073 131073 65537 65537 65537 65537 65537 65537 65537 131073 65537 65537 65537 65537 131073 65537 131073 131073 65537 131073 131073 131073 131073 65537 131073 65537 65537 65537 131073 65537 131073 65537 65537 131073 65537 131073
