100
6 1 1000000000000000
1 1 1 1 0 100 0
6 1 -100
1 1 1 1 0 100 0
10 1 8
4 3 4 1 5 20 -10
10 2 8
4 3 4 1 5 20 -10
10 1 8
4 3 4 1 5 20 -19
500000 112039 1826774
7 7 267630106 989548224 647680773 11 -5
500000 0 516826989827687
67536451 67536451 0 0 67536451 1000000000 0
500000 64016 -4275114
9 8 871507237 8650336 787602467 11 -10
500000 337973 -1837753
5 10 918402415 985400341 932645157 11 -5
177059 99129 -236356041235950
584026870 433997063 658974689 754444202 890649040 664567520 -131092505
500000 94043 3288607
6 0 440594580 632516814 919951111 11 0
500000 500000 1000000000000000
899062098 800878257 215110752 699153544 773850388 904097869 -182123457
450306 450306 179121422790663
389534647 779550617 605053423 442339470 481632800 513993921 -281875752
500000 119578 -1119360
4 9 559479101 684051505 781783294 11 -10
2 1 1000000000000000
1 1 0 0 0 1000000000 0
3 3 1000000000000000
0 0 0 0 999999998 999999999 -499999999
58761 58761 1000000000000000
259619759 142841276 165548051 562047142 584330065 975280235 -123963528
344420 11668 -372863741752186
985771772 659128666 940957566 179925255 733889349 857517145 -175762660
500000 145946 -656562192745141
853538212 884737028 241944402 510491854 421708544 416447753 -65252885
306122 306122 298888962940837
352216611 324561700 700134027 22015128 764146826 455148339 -217376133
500000 500000 1000000000000000
999999999 999999999 0 0 999999999 1000000000 0
500000 500000 -598594905164452
494228123 635507054 994408179 793004584 597941831 502152563 -60621833
500000 500000 1000000000000000
488504960 713816830 279645449 623509831 587803639 336246559 -162466526
500000 14837 344525
0 2 633464965 573349272 421024134 5 -2
409862 9689 819306293976614
617804353 505647503 327713137 7527083 874204286 603227728 -289840563
289857 289326 -453232508591237
296176353 435989977 108790157 491519475 79445752 647797776 -36014215
500000 457795 1000000000000000
689176270 961730923 708894041 15527157 544972588 94434373 -25781310
86736 13651 279040843944678
301294423 950076378 968657784 657816154 556424719 822127508 -159782948
381250 259961 -372059169565511
3904903 912210074 857603680 53564754 328643947 664336817 -483255679
500000 425338 1327792
9 7 47117138 989457894 252818161 11 0
218221 74666 859070341935026
550143787 259759056 316677546 957831987 755574336 662846187 -92137961
500000 500000 604882782780783
793170952 758829768 830953204 589526277 258443729 281144463 -192142915
500000 293574 -1921946
4 10 348248873 940264484 883884787 11 -10
500000 0 910658566706602
841224877 841224877 0 0 841224877 1000000000 0
500000 133073 501989
10 6 311722683 839007575 776540766 11 0
344420 344420 -358616916980540
415164860 845387085 381238213 325117068 287011912 122536259 -371701000
344420 187196 1000000000000000
366370720 317587746 466780783 987218018 991269824 88161191 -22817393
500000 0 277515021337191
81295829 81295829 0 0 81295829 1000000000 0
500000 143341 -1423346
2 3 25309853 163415811 990611737 11 -5
500000 361836 2333214
2 10 591896986 268826402 519822049 11 -5
500000 478259 1000000000000000
902183398 894897848 634682009 606228091 308768444 724142761 -249607522
500000 0 -84690774444090
742620881 742620881 0 0 742620881 1000000000 0
35712 0 503050518747522
46327333 46327333 0 0 46327333 1000000000 0
450306 323025 1000000000000000
39515583 685087296 732240773 424733090 434563385 274388901 -479610771
500000 97774 -193919
10 1 547279083 306792098 878226219 11 -5
2 0 1000000000000000
1 1 0 0 0 1000000000 0
500000 247170 117192
3 10 139274002 412015312 942357722 11 0
500000 267854 -545563
0 4 63227774 842677621 449961988 5 -2
500000 0 1000000000000000
1 1 0 1 0 1000000000 0
500000 6229 1529086
4 3 620557063 645584882 529638688 11 0
2 2 1000000000000000
1 1 0 0 0 1000000000 0
336895 262220 183302008605028
736371511 951007962 364763804 491632989 606664988 950739955 -146449536
459267 459267 1000000000000000
64680791 397533545 824189121 915717104 368947347 914452177 -189366898
500000 500000 1000000000000000
789915057 512777016 893830430 837621016 202707705 581034097 -98060832
500000 25948 -1451093
7 5 870544142 916113160 671564979 11 -10
450812 264441 -987704536846145
288041056 842962470 587397262 381118515 370256009 522279257 -355605090
98674 0 938259931451783
359127641 359127641 0 0 359127641 1000000000 0
483316 483316 1000000000000000
210370610 605207303 201870921 61871164 600183581 181119727 -338146903
111532 57940 -692644174053051
779202179 774733287 688212215 764365935 34467877 910702263 -444195061
500000 446811 -1453171
9 0 502334919 309534660 300180982 11 -5
260888 260888 -251622687294321
950774605 58999300 133402035 362252348 503095991 897648021 -172642445
500000 125000 125000
1 0 0 1 0 2 0
500000 346682 1000000000000000
111478034 779203475 389400987 593699538 953832745 709156407 -252743680
500000 266979 713675
0 4 26614104 478962669 317495285 5 -2
500000 408339 -2495423
5 3 526674881 997581169 751073655 11 -10
500000 155627 -147283604180239
565104419 216040641 501729680 669599017 707134921 494526977 -227093969
500000 186094 -648520
10 4 796115699 690085623 268589944 11 -10
426462 28871 960694344530973
325797438 469029640 150194242 84636095 198882028 571235157 -470810732
500000 451669 -913529
4 2 48184192 631240983 18440647 5 -2
500000 59904 -1222231
3 7 277271876 228407811 671148847 11 -10
500000 406414 3902333
9 1 711665139 233152914 837627098 11 0
458268 0 -515183061033544
511626835 511626835 0 0 511626835 1000000000 0
500000 500000 872492770762290
234371437 243338990 864364840 964305582 407229647 541983955 -183304499
500000 500000 1000000000000000
0 0 0 0 0 1000000000 -500000000
500000 44062 -573331
2 1 199219270 987226878 719127366 11 -5
306122 156507 1000000000000000
315077672 591558599 814357330 536006284 645403830 116616717 -259989152
367445 218268 111116171177814
447765277 918053380 957549087 660784451 767761973 852647655 -455302031
500000 323017 390485
0 4 845392925 179521913 134038046 5 -2
450306 157579 -191943465559580
489949031 130385791 8646441 578450378 621865014 239219791 -255441094
500000 270436 506503
1 3 321552384 204879242 903869530 5 -2
240650 0 -159088347959736
602306957 602306957 0 0 602306957 1000000000 0
428230 428230 1000000000000000
33541641 696269433 44090282 160724942 262310692 764438825 -235038574
500000 30591 -322460
3 0 327704739 70692398 340208647 5 -2
500000 74739 -4210918
1 0 895790213 30151083 580844677 11 -10
500000 394004 3448408
10 10 791323388 569403996 105479932 11 0
399959 306425 262936276946421
437609926 72836411 638317015 758703733 712100359 77181227 -463459843
260888 47740 1000000000000000
265789999 139272700 474893816 30673236 554187085 544768043 -428199798
70205 39484 -552871565651201
430630007 53978730 105866358 527852819 231352924 102635319 -377189382
260888 64083 441527616214192
49834550 359179163 78012948 298350670 391096655 339312021 -345996335
306122 137045 707508843806392
132255326 183966786 916056125 161264773 683285062 980176639 -456449956
500000 123727 1000000000000000
158803253 654106545 304865266 733992793 331373789 667627897 -146095892
500000 500000 882937073670256
225501779 291244610 190668399 953797672 316839203 61596733 -215946197
500000 500000 1000000000000000
613881142 326247252 137373342 114724795 447664426 795187359 -250728759
500000 375353 -2103899
8 1 200984982 167307693 426949380 11 -5
315389 62816 -957238198244298
595969418 819632518 293825419 7202135 943488359 111730353 -200823350
500000 397686 2568178
1 7 10051051 350233904 550721637 11 0
3 3 1000000000000000
999999998 0 0 0 0 999999999 -499999999
500000 93914 -395465
4 4 940034163 258277406 38385190 5 -2
500000 218601 -846729040436333
678098653 981900210 307608631 425965885 608293688 288872237 -418178795
500000 491676 142071878792088
345942108 884176733 852037717 92251725 222731659 163331823 -413126713
