100
6 1 1000000000000000
1 1 1 1 0 100 0
6 1 -100
1 1 1 1 0 100 0
478365 399949 452913940005054
441070693 549248962 819056499 97103176 325598871 413785715 0
500000 0 176719148126758
871586863 871586863 0 0 871586863 1000000000 0
369282 17360 -889976931167880
23341444 198408694 223298012 836063650 307610896 151911019 0
414871 176567 -23807222464389
494626272 896175250 534219510 935434803 475025849 385124927 0
241289 197800 728178045668934
884176733 852037717 92251725 222731659 714663602 239805791 0
218421 0 325101781112839
203939351 203939351 0 0 203939351 1000000000 0
500000 500000 179121422790663
389534647 779550617 605053423 442339470 481632800 513993921 0
201349 201349 1000000000000000
736268277 300887740 981652882 547279083 306792098 701755587 0
58606 7382 405794942610694
199955197 895201847 947513815 167435032 471446059 373280835 0
367468 75829 -262289190405155
647542598 62161875 611986306 858541292 351970858 56859617 0
415072 55511 -84690774444090
386225970 282063052 228210399 463867953 440863524 677908281 0
177059 17222 1000000000000000
48184192 631240983 18440647 246326890 643507865 877029399 0
255220 176672 -432231632718529
910934787 856486625 278458520 862557758 683662386 857128325 0
374770 51027 334767755695153
964305582 407229647 325238812 202339255 370095378 672073337 0
500000 323017 4150875
4 3 845392925 179521913 134038046 11 0
500000 500000 1000000000000000
0 0 0 0 0 1000000000 0
402583 372400 230166076700423
123277606 745243171 999545305 860068122 173514179 978295717 0
500000 500000 953912810003840
957549087 660784451 767761973 576225856 72844096 929141365 0
180877 49195 1000000000000000
871507237 8650336 787602467 30490625 259619759 64326997 0
424391 0 464290792942774
131833793 131833793 0 0 131833793 1000000000 0
262072 262072 -689097464821144
46175744 791323388 569403996 105479932 70691234 74411031 0
221638 136455 782797934116499
309534660 300180982 715988496 397462022 4042746 648831798 0
219399 198776 -81968641252433
576024968 292972316 230503490 353002750 612970443 809572501 0
500000 500000 738847975382947
623509831 587803639 873150744 442631853 978375965 919133617 0
17868 15931 -982692056104237
48079303 666646955 71808932 3904903 912210074 157737849 0
189614 76131 953243099959706
208935134 902183398 894897848 634682009 606228091 452449913 0
500000 454047 -604422609667538
973514504 547519886 534640528 829248324 254501116 342364461 0
358925 264256 51599750937379
128598398 304363712 321552384 204879242 903869530 324838989 0
388906 10718 -465135348120290
14405909 967439738 461144066 288041056 842962470 917625891 0
370078 218885 -429599908707773
852676193 999104867 611788552 225501779 291244610 461824311 0
23272 521 -354963938398962
179925255 733889349 572098298 203881355 757263317 83019466 0
177059 177059 -384694925631387
213721132 214321642 47117138 989457894 252818161 409413681 0
246408 0 -870012615393968
356666495 356666495 0 0 356666495 1000000000 0
467080 356824 803060407971065
64680791 397533545 824189121 915717104 368947347 597089435 0
129216 95122 -146024865310392
622144833 404754127 270397146 625598478 814397313 397913993 0
152963 152963 -680419617784471
344730805 923766753 472842736 594777184 49834550 138330249 0
487205 349546 543959586261473
189684035 867292471 355826234 463131204 342099105 329815273 0
500000 500000 1000000000000000
990611737 834248221 415618934 25685771 719647973 547689233 0
180877 86845 524535819473693
41234411 430667451 791949090 182783057 633464965 344085077 0
95877 26779 971655900168172
865527369 340469604 84599261 735767701 75138672 58034605 0
292110 62179 -523988839819446
824896473 889941483 526398444 959798141 850617099 341966901 0
500000 500000 1000000000000000
999999999 999999999 0 0 999999999 1000000000 0
500000 500000 -814694886951838
733992793 331373789 381855047 691125290 69403011 614515095 0
259696 259696 1000000000000000
8470302 870544142 916113160 671564979 29388993 669727569 0
329360 320793 336867647917147
722910755 865970189 327704739 70692398 340208647 621271633 0
2 1 1000000000000000
1 1 0 0 0 1000000000 0
500000 464290 3753811
1 10 45645914 352216611 324561700 11 0
324909 104791 923668033377087
332798565 675126237 134315296 595767808 352815436 843948888 0
249824 10952 -540712785533195
141195479 358622380 733714979 595969418 819632518 818943693 0
399598 276494 -830409597462902
605207303 201870921 61871164 600183581 790908587 590559864 0
500000 0 266512656972677
779238349 779238349 0 0 779238349 1000000000 0
154740 18427 -696874372203749
642998946 397311186 82522942 856853631 267630106 2456355 0
152963 79210 1000000000000000
228676236 81078942 511673603 775960577 950774605 620600975 0
500000 0 -398408555165053
76703509 76703509 0 0 76703509 1000000000 0
262072 252738 212418163426485
918405704 838843983 747547068 796115699 690085623 870556777 0
500000 0 -133714182692770
392401595 392401595 0 0 392401595 1000000000 0
296843 15576 -487206374581892
228082047 197623822 968077145 550143787 259759056 687487395 0
500000 0 1000000000000000
1 1 0 1 0 1000000000 0
500000 273363 1000000000000000
241944402 510491854 421708544 482772633 161094209 565569329 0
378950 107015 677345488094988
539523015 98808661 937644047 779202179 774733287 227658677 0
500000 206339 3321118
1 9 181905243 347325428 139274002 11 0
500000 500000 1000000000000000
700134027 22015128 764146826 835681451 621055743 484645751 0
500000 247001 4303655
3 7 987218018 991269824 609363268 11 0
500000 396439 4901721
1 0 744378661 573911575 132495406 11 0
500000 181464 1000000000000000
469029640 150194242 84636095 198882028 837722431 189004485 0
148512 0 -818344551177257
756528291 756528291 0 0 756528291 1000000000 0
477080 363566 717417325547978
766139342 711665139 233152914 837627098 899466582 483452451 0
2 2 1000000000000000
1 1 0 0 0 1000000000 0
497786 205616 448963754702565
418459971 32036620 31425722 736371511 951007962 790530315 0
500000 351832 -191943465559580
489949031 130385791 8646441 578450378 621865014 239219791 0
180877 180877 930702061426843
267858181 186082271 200984982 167307693 426949380 258592501 0
126282 53821 68152946883661
556424719 84198176 591192825 108262720 235637334 939082629 0
267852 108946 -877475726163236
194040724 99520218 705844664 919821860 447891744 18923297 0
109495 2887 -318287610958924
277271876 228407811 671148847 613881142 326247252 531424681 0
500000 300074 3804779
2 5 183966786 916056125 161264773 11 0
152963 20861 636908487636587
719913670 906755955 33541641 696269433 44090282 281686449 0
500000 232104 1000000000000000
39515583 685087296 732240773 424733090 434563385 274388901 0
500000 326210 2091058
4 2 334938148 486970012 940034163 11 0
500000 133073 501989
10 6 311722683 839007575 776540766 11 0
500000 78459 -912282497136264
893830430 837621016 202707705 651074696 195536096 998187105 0
500000 301953 1000000000000000
307608631 425965885 608293688 851775031 814304510 189672533 0
391023 146280 -363919352205599
498621700 353252053 97791275 535905628 430630007 17083121 0
500000 500000 1000000000000000
591558599 814357330 536006284 645403830 740026842 874290911 0
388643 86763 287773116466426
384918550 220117164 256698151 83080514 452344008 123975681 0
10399 9831 -653653555453281
884402237 689176270 961730923 708894041 15527157 201763572 0
359525 359525 1000000000000000
969460995 403225458 980970243 854481682 871337003 304087279 0
177059 99129 -236356041235950
584026870 433997063 658974689 754444202 890649040 123747499 0
500000 125000 125000
1 0 0 1 0 2 0
414440 140543 57952261727065
554187085 727993672 628783199 930345209 101812305 482833372 0
262072 92709 1000000000000000
842677621 449961988 857730863 875270474 466129138 98553517 0
2 0 1000000000000000
1 1 0 0 0 1000000000 0
351038 351038 1000000000000000
206159856 617804353 505647503 327713137 7527083 206455455 0
467745 255489 333631319936092
899062098 800878257 215110752 699153544 773850388 904097869 0
227975 143154 -35084734938510
539744085 413293225 806258783 198935345 342688856 985830587 0
500000 482324 -986332937579692
793004584 597941831 67977430 381221452 918849168 643988263 0
430397 370654 739431554561683
519822049 470433118 92718691 521393933 396889826 582721181 0
461516 172440 29381170797909
712449123 252375778 312337702 708518214 439679965 535767213 0
500000 500000 1000000000000000
258277406 38385190 813431820 248592986 430017161 737342837 0
