100
42
11
1
2018
8443257735395719
3208453465779946
2043439400806565
5323780492592791
4335359103044849
3187971487657685
965135100884463
2
1645105264890959
1651013940130118
1107629925327913
8
9
1555555555555555
7
3679611869180437
10
7938060657258174
4825975801190870
3127662647418319
2993661506096990
5033611206310619
6522973834713685
7985186550336178
3347562352608270
1326339744282004
7480603363132169
8240988447020423
1337371646092875
5142840810688781
4204566031065241
8315103468096997
1550540757242824
6
5
3301511805182441
2034261063973180
3
1624607553992255
496751776148768
3878990487719733
233930138507428
189692857078347
4052077684071508
1958109005670493
10000000000000000
6971957867112306
8888888888888889
5283062679867123
8440651276745840
1375527603528762
8715584141883134
8163450696797725
6788732883967888
9999999999999999
5347363169457821
4298029790558041
5805064716657129
1806791933758186
7272660783617992
3660610777438848
5843361730579456
6080334421419632
5155470161652371
4
5209026359028
117807724110664
8125372526658496
2790825644477351
95
3503811308886195
1936894310448265
6458483610398552
9600164625148179
1253603953337480
2796277510156695
6329603104128405
5899328494745306
4229736524117628
3436726949125577
564317895518012
902535784477749
4269664682284824
2471816536645070
2328169568197412
2025267255919963
1048822921539168
9756513335710382
9205454041025047
2072819705362884
4618304723087462
2133096072293059
4805821693525465
4241638601957121
9360530591816075
8922861411369607
