100
42
11
1
2018
13751
8
53455
42283
7
67864
83145
97531
16446
99999
25368
29373
35026
32074
94127
12532
77220
23274
58022
57821
15500
20336
42031
4
93573
47144
5
97811
95913
53220
10
53
31266
33464
64563
38620
6968
42966
74780
87126
47119
18062
31869
38777
51537
2
2339
92023
95
3
13563
43339
33004
99671
29927
69835
100000
69696
63274
58973
16241
46167
81606
84404
20721
81226
65207
9
92549
82382
13370
4966
20246
95969
71902
52813
36784
9023
42682
72702
51402
6
11505
5195
20428
19363
83122
40507
13259
79824
5642
42402
21324
48243
1178
16505
