100
134 345003354268427150
37722564158777743 37722564158777746
553 744070800163010120
1 1000000000000000000
20 653161544328834085
262 312751415740440344
787 765488712621837568
834 836003763370515747
251055677350652765 251055677350652767
687680825673347760 687680825673347763
2 3
113728855458826550 113728855458826551
534 612241450425221431
238605161774822471 424447873427222135
755 543513120631246886
437 268871007147576328
188 148105657834618881
523 142014055450384705
66 866082783616213480
14 558356132200118300
264 627434366046502025
335760340027663525 335760340027663533
863 681143534478248341
34586772532124308 307412606172378586
480 562033048381046574
24 745472640880804307
423607014662003552 423607014662003560
88 102
671 288414115311485370
377520164340020446 377520164340020453
73248256132240682 570177841434462116
82101021638858264 82101021638858272
583 342830610753471710
163146004776237513 474683304070075441
101520605261482523 101520605261482531
47420857307851376 47420857307851385
276540626178267812 276540626178267814
421 134257881665606023
403 783211307023271010
670248680058038166 670248680058038168
524 244166755620186420
414247380374331121 767483282202134586
521 265157607862557226
328228727004765710 600738016175866240
573758114026187038 573758114026187046
836 160223476285736776
262 548455147134753562
80 103765757741357164
825 548537830413770147
553027568065573218 877340416724406166
44262525468870276 44262525468870280
435374303840178431 435374303840178432
350 421610055541764202
411287537104773848 816480672504511075
271858168881546036 271858168881546037
478 306701574442816512
146261153716600665 751345540814843052
566266065263125471 566266065263125473
274663785867234818 274663785867234826
110825356517657022 844167334872388088
205 557203230231461411
24 816312864177065800
84821254406128373 425261223251256066
241 427628000461482016
547 101185864723603540
768 156854746648135538
16 26
773 420146512654685453
508245353378380456 538687417707842413
737 112121528445015785
732 247375517116136183
1 2
316 305783106815705471
52671005661335883 662166222648864764
146 564486171783243348
248727420144001022 255133053358152667
544855571884645373 753780466853250468
67 761187261580137417
115 552731034428065874
635 333706734011212582
58 316862800575710873
212 221232434522830242
580 475225402583648154
228 208043478361776340
707014363361204480 837803052171447475
411 225186463680646243
313 320470785730057168
81827278843181633 386426000418686742
570 157737751456104582
202 173086167460445771
30 445341306026475708
716 107862771340743223
21461024181415810 716631542205713425
410427502212752014 410427502212752015
77776 77777
424 632654433526561318
337 350062858235163872
132607503130466657 315513837273428101
325367554842505655 325367554842505664
255510041185758531 384118872558371363
