100
5
1 2
2 3
2 4
3 4
3 5
3
1 2
1 3
2 3
6
1 2
1 5
1 6
2 3
2 5
3 4
22
1 2
1 3
1 5
1 8
1 9
1 13
3 4
3 7
3 16
4 6
4 20
5 14
5 17
7 19
8 15
9 10
9 11
9 12
10 16
14 18
16 22
17 21
9
1 2
1 3
1 4
1 6
4 5
4 7
6 8
6 9
8 9
4
1 2
1 4
2 3
3 4
23
1 2
1 14
1 19
2 3
3 4
3 6
3 13
4 5
4 7
4 8
4 10
4 22
5 15
6 11
6 16
7 9
8 17
8 23
9 12
10 19
11 18
12 21
18 20
7
1 2
1 3
1 4
3 6
4 5
4 7
5 7
17
1 2
1 4
1 12
2 3
2 8
2 11
4 5
4 7
4 9
5 6
5 16
7 11
8 15
8 17
9 10
9 13
11 14
4
1 2
1 3
2 3
3 4
6
1 2
2 3
2 4
2 5
2 6
3 6
11
1 2
1 5
1 6
1 7
2 3
2 6
3 4
5 10
6 9
7 8
7 11
22
1 2
1 3
1 4
1 9
1 12
2 5
3 6
4 7
4 22
5 8
8 10
8 11
8 18
10 20
10 21
11 15
12 13
12 22
13 14
13 16
14 17
18 19
6
1 2
1 3
1 5
3 4
3 6
5 6
14
1 2
1 3
2 4
2 6
2 14
3 5
3 7
3 8
5 10
5 12
6 13
7 12
8 9
9 11
15
1 2
1 3
1 10
1 12
2 9
2 13
3 4
3 5
3 7
3 11
4 8
5 6
6 15
8 15
10 14
19
1 2
1 3
3 4
3 10
3 12
4 5
4 11
5 6
5 19
6 7
6 16
7 8
7 14
7 16
8 9
8 13
8 18
10 15
16 17
5
1 2
1 3
1 5
2 3
3 4
24
1 2
1 6
1 18
2 3
2 4
3 7
4 5
4 14
4 20
5 8
5 14
6 10
7 11
7 15
8 9
8 22
9 12
9 16
10 19
10 24
11 13
11 17
12 23
13 21
30
1 2
1 3
1 4
1 15
1 19
1 28
2 13
3 6
4 5
4 14
4 21
5 7
5 9
5 29
6 8
7 17
7 25
8 10
8 11
10 12
10 16
10 23
13 18
14 22
15 20
15 27
18 24
20 24
22 26
29 30
20
1 2
1 4
1 6
1 10
1 11
2 3
2 5
2 9
3 12
3 18
5 6
6 7
7 8
7 15
10 16
11 17
11 20
12 13
13 14
18 19
15
1 2
1 3
1 4
2 5
3 6
3 7
3 10
3 11
5 11
6 8
6 12
6 14
7 9
7 15
12 13
21
1 2
1 5
1 6
1 12
1 21
2 3
2 4
2 7
2 10
2 13
2 18
4 8
4 20
5 11
5 16
6 19
7 9
8 11
8 14
11 15
13 17
18
1 2
1 3
1 9
1 10
1 14
1 18
3 4
3 5
3 6
3 12
3 13
3 15
5 8
6 7
6 11
7 16
8 9
8 17
21
1 2
1 3
2 7
2 11
2 13
3 4
3 5
3 6
3 10
3 13
4 8
4 20
6 9
6 18
7 15
8 19
9 14
9 21
11 12
15 16
15 17
25
1 2
1 4
1 7
1 8
1 9
1 18
2 3
2 14
3 5
3 11
4 6
4 21
5 17
6 16
6 19
7 15
9 10
9 13
10 14
11 12
11 22
13 23
14 20
16 25
19 24
30
1 2
1 30
2 3
3 4
4 5
5 6
6 7
7 8
8 9
9 10
10 11
11 12
12 13
13 14
14 15
15 16
16 17
17 18
18 19
19 20
20 21
21 22
22 23
23 24
24 25
25 26
26 27
27 28
28 29
29 30
15
1 2
1 3
1 5
1 8
1 14
2 4
2 10
4 9
5 6
6 7
6 13
7 11
9 12
9 13
11 15
11
1 2
1 3
1 6
2 4
2 5
3 4
3 9
4 7
4 8
5 11
6 10
30
1 2
1 6
1 9
1 11
1 12
2 3
2 4
2 5
3 7
3 13
4 8
4 16
4 19
4 26
5 30
6 18
6 24
7 14
8 10
11 27
13 30
14 15
16 17
16 22
17 21
18 20
18 25
18 29
20 23
23 28
24
1 2
1 3
1 7
2 4
2 16
2 18
2 20
4 5
4 6
4 15
5 8
6 10
6 13
6 17
7 14
7 24
8 9
8 22
10 11
10 21
11 12
11 13
11 19
22 23
21
1 2
1 4
1 9
2 3
2 15
2 18
3 14
3 19
4 5
4 6
4 7
5 8
5 12
5 14
5 20
6 10
7 17
8 11
8 16
9 13
15 21
29
1 2
1 6
1 8
1 10
1 12
2 3
3 4
3 5
3 21
4 23
5 7
5 14
6 17
7 9
7 16
7 20
7 22
7 26
7 27
8 11
9 13
13 19
13 25
14 15
14 18
14 19
14 28
15 24
24 29
18
1 2
1 3
1 8
2 4
2 5
2 7
4 10
4 14
5 6
6 13
6 18
7 9
7 11
7 12
8 10
8 17
11 15
14 16
22
1 2
1 3
1 4
1 17
2 5
2 7
2 8
2 14
2 18
2 19
3 6
3 12
3 15
4 9
4 16
5 21
6 11
7 10
8 13
12 20
12 22
14 19
6
1 2
1 3
1 4
2 4
3 5
5 6
8
1 2
1 5
1 7
2 3
2 4
2 6
4 8
5 8
24
1 2
1 3
1 15
3 4
3 5
3 6
4 23
5 7
5 8
5 11
5 16
5 17
5 20
7 9
7 19
7 22
8 12
8 14
9 10
10 13
17 18
17 21
19 20
20 24
6
1 2
1 3
1 4
3 4
3 6
4 5
25
1 2
1 3
1 18
2 5
2 8
2 9
2 15
3 4
3 24
4 6
4 7
4 12
4 19
6 10
6 24
7 13
8 11
8 17
10 14
12 16
12 22
17 21
19 20
19 23
20 25
30
1 2
1 3
1 4
1 6
1 8
1 12
1 24
1 25
2 9
3 12
3 18
4 5
4 7
4 11
5 10
6 16
7 17
8 26
9 13
10 15
10 19
11 21
13 14
16 20
18 30
19 23
19 29
20 22
21 28
25 27
9
1 2
2 3
2 6
2 9
3 4
3 5
3 7
4 7
6 8
12
1 2
1 3
1 5
1 10
2 4
2 6
2 7
2 11
3 12
4 6
5 8
5 9
19
1 2
1 4
1 8
1 9
1 16
2 3
2 5
2 6
2 10
2 11
2 12
3 15
6 7
6 19
7 14
11 13
12 18
14 17
14 18
12
1 2
1 6
2 3
2 4
3 5
3 8
4 7
5 7
5 10
6 9
7 12
8 11
6
1 2
1 3
2 4
2 6
3 4
3 5
30
1 2
2 3
3 4
4 5
5 6
6 7
7 8
8 9
9 10
10 11
11 12
12 13
13 14
14 15
15 16
16 17
17 18
18 19
19 20
20 21
21 22
22 23
23 24
24 25
25 26
26 27
27 28
28 29
28 30
29 30
9
1 2
1 3
2 4
2 7
2 8
4 5
4 6
5 6
6 9
22
1 2
1 3
1 8
1 9
2 6
3 4
3 13
3 15
3 21
4 5
4 7
4 14
7 10
7 11
8 9
8 12
10 16
15 17
16 18
16 22
17 20
18 19
7
1 2
1 7
2 3
3 4
3 5
4 6
6 7
9
1 2
1 3
1 5
1 6
1 8
3 4
3 7
7 9
8 9
16
1 2
1 3
1 7
1 10
2 4
2 5
3 6
3 8
3 15
4 11
5 12
7 14
8 9
8 13
9 10
15 16
30
1 2
1 3
2 3
3 4
4 5
5 6
6 7
7 8
8 9
9 10
10 11
11 12
12 13
13 14
14 15
15 16
16 17
17 18
18 19
19 20
20 21
21 22
22 23
23 24
24 25
25 26
26 27
27 28
28 29
29 30
19
1 2
1 5
1 7
1 8
1 15
2 3
2 9
2 13
3 4
3 14
5 6
5 17
6 10
6 12
7 16
8 11
11 13
11 19
14 18
23
1 2
1 4
1 11
1 21
2 3
2 14
3 5
3 8
3 14
4 6
4 15
4 20
6 7
6 10
6 16
6 17
7 13
8 9
11 12
13 18
16 19
19 22
21 23
20
1 2
1 4
1 5
1 14
2 3
2 16
3 13
4 11
4 12
5 6
6 7
6 9
7 8
7 11
7 18
8 10
8 19
9 15
11 17
18 20
17
1 2
1 3
1 4
1 5
1 6
2 10
3 7
3 11
3 17
4 8
4 12
4 16
5 9
5 15
12 13
12 15
13 14
22
1 2
1 3
1 7
1 10
1 13
2 4
2 5
2 11
2 15
3 6
3 12
3 16
5 17
5 18
5 20
5 22
6 8
6 9
9 14
10 12
12 19
18 21
24
1 2
1 4
2 3
3 5
3 7
4 11
5 6
6 8
6 9
6 15
7 12
7 13
7 18
7 20
8 10
8 24
9 17
9 22
10 13
11 16
11 21
13 14
17 19
21 23
29
1 2
1 4
1 8
1 11
1 17
1 25
2 3
2 5
2 13
2 14
3 6
3 10
4 7
4 16
5 9
5 15
5 18
6 29
7 13
11 12
12 26
13 20
13 21
13 28
15 19
15 22
16 24
17 27
20 23
30
1 2
1 4
1 8
2 3
2 7
2 21
2 22
2 29
3 9
4 5
4 11
4 13
4 16
5 6
6 14
6 28
8 10
8 23
9 18
9 24
10 12
11 25
13 15
14 17
15 20
15 30
17 19
18 20
19 26
20 27
7
1 2
1 3
2 6
3 4
4 5
4 6
6 7
11
1 2
1 3
1 8
1 11
2 5
3 4
3 10
4 6
4 7
6 9
6 10
12
1 2
1 3
1 4
2 4
2 5
3 7
3 10
3 11
4 9
5 6
5 8
6 12
13
1 2
1 3
1 8
1 13
2 10
3 4
3 6
4 5
4 12
5 7
5 9
6 12
7 11
8
1 2
1 3
1 4
1 6
2 6
2 8
4 5
5 7
20
1 2
1 3
1 7
2 5
2 8
2 11
2 12
2 13
2 17
2 19
3 4
3 14
4 10
5 6
6 8
7 9
8 16
10 18
13 15
17 20
14
1 2
1 9
2 3
2 5
3 4
3 8
3 11
3 12
3 14
4 6
5 10
6 7
6 9
11 13
5
1 2
1 3
2 4
3 5
4 5
7
1 2
1 3
1 4
1 5
3 4
5 6
6 7
7
1 2
2 3
2 5
3 4
3 5
3 6
5 7
14
1 2
1 3
1 4
1 6
1 7
2 12
2 14
3 5
4 11
6 10
7 8
7 9
8 10
12 13
23
1 2
1 3
1 6
1 15
1 20
2 4
2 7
2 13
2 17
2 21
3 21
4 5
5 8
6 18
7 10
8 9
10 11
10 12
12 16
12 23
13 14
17 19
21 22
4
1 2
1 3
2 4
3 4
18
1 2
1 3
1 6
1 7
1 12
2 5
2 16
3 4
3 11
4 8
5 8
6 10
7 9
9 14
10 13
11 15
14 17
16 18
7
1 2
1 6
1 7
2 3
3 4
4 5
4 6
17
1 2
1 3
1 5
1 9
2 4
2 11
3 7
4 10
5 6
6 8
6 12
7 11
7 17
8 15
12 13
12 14
14 16
11
1 2
1 5
2 3
2 4
2 5
2 7
3 6
4 9
5 8
6 10
9 11
5
1 2
1 4
2 3
2 4
2 5
27
1 2
1 3
1 5
1 6
1 24
2 3
2 4
3 12
4 7
4 14
4 19
4 23
5 10
6 8
6 16
6 17
7 9
7 13
7 15
7 18
7 20
7 22
9 26
10 11
10 21
12 25
18 27
10
1 2
1 4
1 7
2 3
2 10
3 5
4 6
4 8
4 10
6 9
18
1 2
1 3
1 4
1 8
2 9
3 5
4 6
4 13
5 7
5 16
5 17
6 15
7 10
7 12
7 14
9 11
9 18
10 12
29
1 2
1 12
1 15
1 20
2 3
2 5
2 6
3 4
4 24
5 7
5 8
5 9
5 10
5 19
5 25
6 13
8 17
9 11
9 14
13 27
14 18
15 16
15 21
16 23
19 22
19 24
20 26
23 29
26 28
12
1 2
1 6
1 7
1 9
2 3
2 4
4 5
5 11
6 8
6 12
7 12
9 10
6
1 2
1 4
1 5
2 3
3 5
3 6
18
1 2
1 15
2 3
2 4
2 17
3 5
3 14
4 7
4 9
5 6
5 12
6 8
8 10
8 11
9 10
9 16
10 13
11 18
10
1 2
1 3
1 6
1 7
1 8
3 4
3 5
6 9
7 9
8 10
5
1 2
1 5
2 3
2 4
4 5
9
1 2
1 3
1 4
1 6
2 9
3 5
4 7
5 9
7 8
25
1 2
1 4
1 6
1 14
2 3
2 10
2 22
3 5
3 8
3 9
3 11
3 18
3 20
4 7
4 13
6 23
7 15
9 12
11 16
12 17
13 21
15 22
16 19
16 24
20 25
30
1 2
1 23
1 29
2 3
2 4
2 8
3 5
3 12
3 17
3 18
4 11
4 19
5 6
6 7
6 14
7 10
8 9
9 13
10 16
10 20
14 15
15 22
15 27
17 19
17 25
18 26
19 21
23 24
24 28
25 30
28
1 2
1 3
1 7
1 24
2 6
2 8
2 14
2 16
2 17
3 4
3 15
3 19
4 5
4 10
4 28
6 9
6 12
6 18
8 11
9 13
11 21
12 23
12 26
14 25
18 20
18 27
19 20
21 22
29
1 2
1 3
1 15
2 4
2 12
2 23
3 5
3 6
3 18
3 28
5 7
5 8
5 9
5 27
6 11
6 16
6 29
7 10
7 17
7 25
8 13
9 22
10 14
14 20
14 27
15 21
17 19
17 26
19 24
6
1 2
1 3
2 4
3 6
4 5
4 6
20
1 2
1 3
1 18
1 20
2 4
2 6
3 5
3 9
4 13
6 7
6 8
6 16
7 17
8 10
8 14
9 11
9 12
12 15
14 16
14 19
23
1 2
1 3
1 4
1 17
1 18
2 10
2 22
3 5
3 11
3 19
3 21
3 23
4 8
5 6
5 7
5 12
6 9
6 15
7 11
10 20
11 13
13 14
13 16
20
1 2
1 3
1 4
1 9
1 13
1 19
3 5
3 7
3 14
3 16
4 8
4 11
5 6
7 18
8 10
9 12
10 16
11 15
12 20
13 17
9
1 2
1 3
1 5
1 6
1 8
3 4
3 9
5 7
6 7
19
1 2
1 3
1 5
1 6
1 10
2 4
2 7
3 14
3 16
4 11
4 13
5 9
5 17
6 8
6 18
10 12
10 15
12 18
12 19
8
1 2
1 4
1 5
1 7
2 3
2 4
5 6
6 8
